class	extrav	sex	texp	popular
1	5	1	24	6.3
1	7	0	24	4.9
1	4	1	24	5.3
1	3	1	24	4.7
1	5	1	24	6
1	4	0	24	4.7
1	5	0	24	5.9
1	4	0	24	4.2
1	5	0	24	5.2
1	5	0	24	3.9
1	5	1	24	5.7
1	5	1	24	4.8
1	5	0	24	5
1	5	1	24	5.5
1	5	1	24	6
1	6	1	24	5.7
1	4	0	24	3.2
1	4	0	24	3.1
1	7	1	24	6.6
1	4	0	24	4.8
2	8	1	14	6.4
2	4	0	14	2.4
2	6	0	14	3.7
2	5	1	14	4.4
2	5	1	14	4.3
2	5	0	14	4
2	4	1	14	3.8
2	5	0	14	4.2
2	6	1	14	5.1
2	4	1	14	4.1
2	6	1	14	4.6
2	4	0	14	4.9
2	4	0	14	3.1
2	3	0	14	3.2
2	6	0	14	4.4
2	5	1	14	3.7
2	5	1	14	6.1
2	3	1	14	3.5
2	4	0	14	2.9
2	5	0	14	3.3
3	5	0	13	4.2
3	5	1	13	6
3	4	1	13	4.6
3	4	1	13	4.9
3	6	0	13	4.7
3	5	1	13	4.8
3	5	0	13	2.8
3	7	1	13	6.7
3	4	1	13	4.9
3	7	1	13	6.3
3	6	1	13	5.6
3	4	1	13	3.1
3	5	1	13	3.5
3	4	1	13	4.7
3	6	0	13	4.3
3	7	0	13	4.9
3	6	1	13	5.9
3	4	0	13	2.6
4	3	1	20	4.1
4	2	1	20	5.3
4	5	1	20	6.1
4	6	1	20	6
4	6	1	20	6.3
4	3	0	20	4
4	6	0	20	5.3
4	4	0	20	5.6
4	5	0	20	5.2
4	6	1	20	6.2
4	6	0	20	6.1
4	4	0	20	3.9
4	3	0	20	4.8
4	5	0	20	5.8
4	6	0	20	4.9
4	5	1	20	6.6
4	4	1	20	5.6
4	5	0	20	4.5
4	4	0	20	5.4
4	6	0	20	4.9
4	4	0	20	5.4
4	5	1	20	6.7
4	7	0	20	6.3
5	7	0	5	4.2
5	4	1	5	4
5	5	0	5	4.7
5	4	1	5	4.7
5	6	0	5	5.2
5	7	0	5	5.8
5	6	0	5	4.4
5	4	1	5	3.8
5	6	1	5	5.9
5	8	0	5	7
5	7	1	5	7.3
5	6	1	5	5.6
5	7	0	5	5.6
5	6	1	5	6.3
5	6	0	5	4.2
5	5	1	5	4.6
5	6	1	5	6.1
5	6	0	5	5
5	6	1	5	5.8
5	5	0	5	5.5
5	6	0	5	5.3
6	4	0	8	4.1
6	6	1	8	5.8
6	5	1	8	4.2
6	5	1	8	3.9
6	4	1	8	5
6	4	1	8	4.4
6	6	0	8	4.3
6	5	0	8	3.3
6	4	1	8	3.1
6	7	1	8	6.4
6	5	0	8	3.5
6	6	1	8	5.9
6	5	1	8	4.2
6	3	0	8	3.5
6	4	1	8	4.6
6	6	0	8	5.1
6	5	0	8	4.2
6	7	0	8	4.9
6	5	0	8	3.6
6	4	0	8	2.7
7	6	1	17	5.8
7	4	1	17	4.8
7	4	0	17	4.4
7	4	0	17	1.7
7	4	0	17	3.6
7	5	1	17	3.8
7	4	0	17	4.1
7	5	1	17	5.7
7	6	0	17	2.9
7	5	1	17	4.9
7	5	0	17	5.1
7	6	0	17	4
7	4	0	17	3
7	4	1	17	4.7
7	7	0	17	2.8
7	5	0	17	3.7
7	6	1	17	5.1
7	5	0	17	3.5
7	5	1	17	4.7
7	7	1	17	6
7	5	0	17	4
8	6	1	12	6.1
8	5	0	12	3.2
8	4	1	12	3.3
8	7	1	12	5
8	6	0	12	4.2
8	7	1	12	5.6
8	6	0	12	3.9
8	5	1	12	4.5
8	6	0	12	2.2
8	5	1	12	4.2
8	4	0	12	1.5
8	5	0	12	3.2
8	5	0	12	2.7
8	5	1	12	4.1
8	7	0	12	4.8
8	5	0	12	3.5
8	5	1	12	3.6
8	7	1	12	5.5
8	6	1	12	4.8
8	5	1	12	3.5
9	6	0	9	5.2
9	5	1	9	6
9	5	1	9	5.1
9	6	1	9	5.3
9	6	1	9	6.7
9	5	0	9	3.6
9	5	0	9	3.5
9	5	0	9	3.9
9	5	0	9	4.3
9	5	0	9	4
9	3	0	9	4.6
9	4	1	9	4.5
9	4	0	9	3.6
9	5	0	9	2.6
9	4	0	9	3.9
9	6	0	9	5
9	6	1	9	4.5
9	7	1	9	7.3
9	6	1	9	6.7
9	4	0	9	2.9
10	5	0	21	5.4
10	6	1	21	6.3
10	5	0	21	3.4
10	4	1	21	4.9
10	5	0	21	5.1
10	6	1	21	7
10	5	0	21	5.4
10	5	0	21	4.9
10	6	1	21	6.6
10	5	1	21	5.8
10	6	0	21	4.4
10	6	0	21	4.9
10	7	1	21	6
10	6	0	21	4.8
10	3	0	21	3.6
10	5	0	21	5
10	3	0	21	5.5
10	6	0	21	5
10	3	1	21	5.2
10	6	1	21	5.4
10	4	1	21	6
10	6	1	21	5.7
10	4	1	21	6.1
10	5	1	21	5.2
11	4	0	11	4.7
11	5	1	11	5.5
11	5	1	11	4.8
11	6	0	11	4.9
11	5	0	11	4.6
11	6	1	11	4.6
11	5	0	11	3.4
11	7	1	11	5.6
11	4	1	11	5.4
11	5	1	11	5.6
11	6	0	11	3.2
11	6	0	11	5.1
11	6	0	11	4.4
11	6	1	11	4.8
11	4	1	11	4.2
11	5	0	11	4.3
11	5	0	11	4.2
11	6	0	11	4
11	4	0	11	1.6
11	5	1	11	4.9
11	5	1	11	3.8
11	4	0	11	4.1
12	5	0	16	3.7
12	4	1	16	4.8
12	2	1	16	4.2
12	7	1	16	5.7
12	4	1	16	4.6
12	3	0	16	3.8
12	4	0	16	2.8
12	6	0	16	4.7
12	5	1	16	5.6
12	3	1	16	2.8
12	4	0	16	3.8
12	3	0	16	2.4
12	4	1	16	5.3
12	4	0	16	3.5
12	4	0	16	4.5
12	5	0	16	4.5
12	6	0	16	4.5
13	4	1	19	6.5
13	4	1	19	6.4
13	6	0	19	6.2
13	6	0	19	6.1
13	5	1	19	5.6
13	4	1	19	6.3
13	6	0	19	6.2
13	6	1	19	6.2
13	6	0	19	5.7
13	7	0	19	5.9
13	3	1	19	5
13	4	1	19	6.1
13	4	0	19	4.5
13	6	1	19	7.2
13	6	0	19	6.3
13	4	0	19	4.8
13	7	1	19	8
13	5	1	19	6
13	5	1	19	7.7
13	4	1	19	6.1
14	7	0	2	3
14	6	0	2	3.3
14	9	0	2	5.3
14	7	0	2	3.2
14	6	0	2	3.6
14	8	0	2	4.5
14	5	0	2	1.4
14	6	0	2	2.3
14	6	0	2	2.8
14	8	0	2	4.5
14	7	0	2	3.9
14	7	0	2	4.5
14	7	0	2	3.1
14	7	0	2	4.5
14	6	0	2	2.3
14	8	0	2	6.5
14	6	0	2	3.1
15	5	0	8	4.2
15	5	0	8	3.4
15	4	0	8	4
15	4	0	8	3.1
15	7	0	8	6.3
15	6	1	8	4.4
15	6	1	8	5.5
15	8	1	8	7.9
15	5	0	8	2.9
15	8	0	8	6.4
15	5	1	8	5.1
15	7	0	8	4.3
15	6	0	8	4.3
15	5	1	8	5.8
15	6	0	8	4.5
15	5	1	8	4.5
15	6	0	8	6
15	6	1	8	5.6
15	6	0	8	4.7
15	4	1	8	4.5
15	3	0	8	4.3
15	5	0	8	3.2
15	5	0	8	5
15	4	0	8	2.9
16	5	1	11	4.2
16	6	1	11	5.6
16	5	1	11	4.5
16	7	1	11	6.3
16	5	1	11	5.1
16	5	0	11	2.8
16	6	1	11	6.3
16	8	0	11	3.1
16	5	1	11	5.4
16	6	1	11	4.7
16	8	1	11	6.5
16	6	1	11	4.5
16	7	1	11	6.8
16	5	0	11	2.9
16	4	1	11	5.1
16	6	1	11	4.2
16	6	1	11	5.1
17	4	0	16	3.7
17	3	1	16	5.2
17	6	0	16	6.3
17	5	0	16	3.9
17	3	1	16	5.3
17	5	0	16	3.7
17	6	1	16	5.8
17	4	1	16	4.6
17	5	1	16	5.9
17	5	1	16	5.8
17	6	1	16	6.6
17	4	0	16	3.7
17	6	0	16	5.8
17	6	1	16	6.2
17	6	0	16	4.8
17	6	1	16	7
17	3	1	16	5.4
17	5	1	16	7
17	4	0	16	3.3
17	7	1	16	6.7
17	5	1	16	5.6
17	4	0	16	3.5
17	4	0	16	3.6
17	4	0	16	5.1
17	5	0	16	3.7
17	4	0	16	5.3
18	7	0	21	6.1
18	5	1	21	7.8
18	4	0	21	4.8
18	5	0	21	6.7
18	5	0	21	5.1
18	4	1	21	6.8
18	5	0	21	7.1
18	3	1	21	6.7
18	5	0	21	5.6
18	4	1	21	5.1
18	5	0	21	4.8
18	6	1	21	6.7
18	5	0	21	6.7
18	4	0	21	6.9
18	5	1	21	7.9
18	5	0	21	6.6
18	6	0	21	6.9
18	5	1	21	5.7
18	4	1	21	4.4
18	3	1	21	5.7
18	5	0	21	6
19	8	1	16	7.1
19	4	0	16	5.4
19	5	0	16	6.2
19	5	1	16	7.1
19	5	0	16	4.4
19	3	0	16	3.2
19	5	0	16	5.6
19	4	1	16	6.2
19	5	0	16	4.5
19	4	1	16	5.9
19	6	1	16	5.9
19	4	0	16	3.7
19	6	1	16	7.1
19	5	1	16	5.6
19	3	0	16	5
19	5	1	16	5.9
19	4	1	16	4.8
19	5	0	16	5.7
19	3	1	16	6.8
19	4	0	16	4
20	5	1	10	6
20	7	1	10	6.5
20	5	1	10	5.9
20	4	1	10	5.1
20	5	1	10	5.8
20	6	1	10	6.9
20	8	1	10	7.2
20	5	0	10	3.3
20	5	1	10	6.6
20	4	0	10	2.7
20	4	0	10	3.1
20	6	1	10	5.7
20	7	0	10	5.6
20	4	1	10	6.3
20	6	1	10	5.9
20	5	0	10	2.9
20	6	1	10	6.3
20	5	1	10	5.7
20	6	1	10	6.3
20	5	0	10	4.2
21	5	1	17	5.4
21	5	1	17	5.7
21	5	1	17	4.2
21	4	1	17	3.5
21	7	0	17	4.6
21	5	0	17	4.1
21	5	0	17	4.2
21	4	1	17	4.6
21	6	0	17	4
21	3	0	17	4.5
21	6	1	17	4.9
21	6	0	17	5.3
21	4	0	17	3.7
21	4	0	17	3.8
21	5	1	17	5.8
21	4	0	17	3.7
21	5	0	17	5.4
21	4	1	17	6.7
21	3	1	17	4.7
21	6	1	17	6
21	4	1	17	6.3
21	5	1	17	5
21	6	1	17	5.1
22	3	1	11	5.7
22	2	1	11	5.8
22	6	1	11	7.6
22	6	1	11	7.8
22	5	0	11	5.4
22	4	0	11	5.7
22	4	0	11	6.3
22	6	1	11	6.7
22	4	1	11	7
22	5	0	11	5.6
22	5	0	11	5.5
22	6	0	11	5.4
22	6	1	11	6.7
22	7	1	11	7.3
22	5	0	11	6.1
22	5	1	11	6.5
22	4	0	11	5.8
22	6	1	11	7.1
22	5	1	11	5.9
22	7	1	11	7
23	6	0	15	5
23	6	1	15	4.8
23	4	1	15	5.9
23	5	0	15	4.5
23	5	1	15	6.3
23	7	1	15	6
23	5	1	15	6.4
23	4	0	15	3.3
23	6	0	15	4.6
23	5	0	15	5.6
23	5	0	15	4.5
23	6	1	15	6.4
23	4	0	15	3.8
23	6	1	15	6.6
23	5	1	15	6.5
23	6	0	15	5.6
23	5	1	15	5.7
23	5	0	15	4.2
23	7	1	15	6.7
23	3	0	15	3.2
23	7	0	15	5.4
23	3	0	15	4.7
24	5	0	6	3.4
24	4	0	6	2.7
24	5	1	6	3.8
24	5	1	6	3.7
24	7	1	6	7.3
24	7	1	6	6.6
24	7	0	6	3
24	6	1	6	5.2
24	5	0	6	4.7
24	6	1	6	6.2
24	7	0	6	4.5
24	6	0	6	3.3
24	6	0	6	3.9
24	5	0	6	3.4
24	5	0	6	4.1
24	7	1	6	5.3
24	5	1	6	5.6
24	5	1	6	5.3
24	6	0	6	4.5
25	4	0	19	5.1
25	5	1	19	5.6
25	5	1	19	5.6
25	4	1	19	5.9
25	7	1	19	6.5
25	6	0	19	3.7
25	5	0	19	3.9
25	6	1	19	5.7
25	4	1	19	5.7
25	5	0	19	5.1
25	6	1	19	5.7
25	6	0	19	4.6
25	5	1	19	7
25	4	1	19	4.7
25	5	1	19	3.3
25	4	0	19	4
25	5	0	19	2.9
25	5	0	19	3.8
25	5	0	19	3.7
25	5	0	19	4.3
26	5	1	10	4.1
26	4	1	10	3.7
26	6	0	10	4.1
26	4	1	10	4.1
26	4	0	10	2.8
26	4	1	10	3.2
26	6	1	10	6
26	5	0	10	3.2
26	4	0	10	3.4
26	4	0	10	3.2
26	6	1	10	4.9
26	5	0	10	3.5
26	4	1	10	3.9
26	6	0	10	3.8
26	4	0	10	2.9
26	3	1	10	3.6
26	7	1	10	6.1
26	4	1	10	5.5
26	7	0	10	6.2
26	5	0	10	2.6
26	4	1	10	4.5
27	4	0	10	2.5
27	6	0	10	6
27	6	0	10	3.6
27	5	0	10	4.8
27	4	0	10	2.9
27	7	0	10	6.2
27	5	0	10	4
27	7	0	10	4.9
27	5	1	10	5.4
27	5	0	10	4.2
27	5	1	10	4.8
27	6	1	10	6.4
27	5	0	10	3.2
27	5	1	10	5.2
27	4	1	10	3.4
27	5	1	10	4.8
27	5	0	10	4.2
27	4	0	10	3.2
27	6	0	10	4.7
27	6	0	10	4.6
28	5	0	13	4.9
28	3	1	13	4.3
28	3	0	13	3.8
28	5	0	13	4.1
28	6	1	13	5.5
28	6	1	13	5
28	6	0	13	3.6
28	5	1	13	5.4
28	6	1	13	6
28	5	1	13	4.8
28	6	0	13	4.1
28	5	0	13	4.2
28	6	1	13	5.6
28	7	0	13	4.4
28	5	1	13	4.8
28	6	0	13	3.3
28	5	1	13	4.9
28	4	0	13	3.4
28	3	1	13	3.7
28	4	1	13	4.4
29	4	1	22	5.9
29	4	0	22	3.8
29	5	0	22	5.2
29	7	0	22	6.1
29	4	1	22	5.5
29	4	1	22	7.2
29	6	0	22	6.2
29	5	1	22	7.1
29	4	1	22	6
29	5	1	22	6
29	3	0	22	5.2
29	3	0	22	6.6
29	5	1	22	5.7
29	5	1	22	6.9
29	5	1	22	6.6
29	3	1	22	5.7
29	2	0	22	4.7
30	6	0	6	3.3
30	5	0	6	2.6
30	5	1	6	5.3
30	7	0	6	4
30	5	1	6	4.7
30	6	0	6	5.2
30	6	0	6	3.5
30	8	1	6	6.5
30	5	0	6	3.9
30	5	1	6	4.9
30	6	0	6	3.6
30	5	1	6	4.3
30	4	1	6	3.5
30	5	0	6	4
30	8	1	6	7.1
30	6	1	6	6.1
30	8	1	6	4.6
31	6	0	6	4.9
31	6	1	6	5.7
31	6	1	6	5.2
31	6	1	6	7.3
31	5	0	6	3.5
31	5	1	6	4
31	6	1	6	5.8
31	5	1	6	5.8
31	5	0	6	4.4
31	6	0	6	4.6
31	5	0	6	4.2
31	3	0	6	1.5
31	4	0	6	2.9
31	4	0	6	3.2
31	4	0	6	1.8
31	6	1	6	5.5
31	3	0	6	0.4
31	6	0	6	5.4
31	5	1	6	5.1
32	5	1	12	6.2
32	6	0	12	5.9
32	6	1	12	4.9
32	6	1	12	6
32	6	0	12	4.9
32	4	0	12	3.9
32	4	0	12	4.5
32	5	1	12	4.6
32	3	0	12	2.4
32	4	1	12	4.7
32	6	1	12	5
32	6	0	12	5.8
32	5	1	12	6.1
32	4	0	12	4.6
32	5	1	12	5.2
32	5	0	12	4.8
32	5	0	12	4
32	5	0	12	3.1
32	6	0	12	4.8
32	6	1	12	7.3
32	4	0	12	3.3
32	5	1	12	4.2
32	6	1	12	6.9
33	7	1	3	7.2
33	7	1	3	8.7
33	7	1	3	5.4
33	8	1	3	9.2
33	6	1	3	7
33	7	1	3	6.4
33	8	1	3	9.5
33	7	1	3	8.1
33	8	1	3	6
33	8	1	3	7
33	9	1	3	8.1
33	6	1	3	7.4
33	7	1	3	8.4
33	6	1	3	4.7
33	7	1	3	7.4
33	7	1	3	5.7
33	7	1	3	8
33	9	1	3	8.8
33	6	1	3	6.2
34	6	0	8	5.8
34	5	0	8	3.8
34	8	1	8	8.5
34	7	0	8	4.6
34	6	0	8	3.9
34	5	0	8	3.9
34	6	0	8	4.7
34	7	0	8	5.6
34	4	1	8	3.3
34	6	0	8	5.7
34	6	0	8	4.1
34	4	1	8	4.3
34	5	0	8	5.4
34	5	0	8	4.8
34	3	1	8	3.2
34	6	0	8	4.2
34	5	0	8	3.9
34	7	1	8	6.1
34	6	0	8	4.5
34	5	0	8	3.8
34	6	1	8	6.8
34	5	1	8	5
35	4	1	25	6
35	5	1	25	7.5
35	6	1	25	7.9
35	4	1	25	7.8
35	4	1	25	7.9
35	5	1	25	7
35	6	1	25	5.5
35	4	1	25	7
35	4	1	25	6.2
35	7	1	25	7
35	4	1	25	6.6
35	6	1	25	6.8
35	3	1	25	6.8
35	6	1	25	6.8
35	4	1	25	7.4
35	5	1	25	7.5
35	6	1	25	7.1
35	4	1	25	6.7
35	5	1	25	7.3
35	3	1	25	6.7
36	6	1	15	6.3
36	4	0	15	3.9
36	5	0	15	4
36	4	0	15	3.2
36	6	0	15	4.2
36	3	1	15	5
36	3	1	15	5.3
36	4	1	15	5.3
36	6	0	15	5.7
36	4	1	15	5.2
36	3	0	15	5
36	5	0	15	3.9
36	3	1	15	5.4
36	4	1	15	7.4
36	7	0	15	4.3
36	6	1	15	6.7
36	5	0	15	4.4
36	4	0	15	5.3
36	4	0	15	5.3
37	5	0	20	4.6
37	5	1	20	6.9
37	6	1	20	6.4
37	6	1	20	6.7
37	5	0	20	4.1
37	6	0	20	4.6
37	7	0	20	5.3
37	5	1	20	7.1
37	6	0	20	6
37	6	0	20	4
37	4	1	20	4.9
37	4	0	20	4.1
37	4	0	20	4.4
37	5	0	20	4.8
37	5	0	20	4.5
37	4	0	20	3.6
37	6	0	20	5.7
37	7	1	20	6.8
37	6	1	20	7.3
38	5	0	18	3.5
38	5	0	18	3.5
38	5	0	18	4.9
38	5	1	18	4.8
38	5	1	18	5.8
38	5	1	18	5.9
38	4	1	18	5
38	6	0	18	4.3
38	4	1	18	4.6
38	4	0	18	3.6
38	4	0	18	3
38	6	0	18	4.5
38	4	0	18	3.9
38	5	0	18	4.2
38	5	1	18	6
38	6	1	18	6.5
38	5	0	18	3.4
39	4	1	19	5.4
39	4	1	19	5.6
39	4	0	19	3.6
39	6	0	19	4.7
39	4	1	19	5.7
39	4	1	19	4.8
39	7	1	19	6.4
39	5	1	19	4.9
39	5	1	19	5.3
39	5	1	19	5.5
39	6	0	19	3.9
39	5	0	19	5.1
39	4	0	19	4.8
39	3	1	19	4.6
39	4	0	19	5.2
39	6	1	19	6
40	8	1	2	6.4
40	8	1	2	5.1
40	9	1	2	7.7
40	9	1	2	7.4
40	8	1	2	6.8
40	10	1	2	6.8
40	9	1	2	8.2
40	10	1	2	7.6
40	9	1	2	7.5
40	8	1	2	6.5
40	7	1	2	4.3
40	10	1	2	7.7
40	8	1	2	7.5
40	9	1	2	6.5
40	10	1	2	8.6
40	9	1	2	5.4
40	8	1	2	4.5
40	6	1	2	3.8
40	8	1	2	6.9
40	8	1	2	6.6
41	6	1	18	5
41	3	0	18	3.4
41	5	0	18	2.5
41	5	1	18	5
41	6	0	18	3.8
41	5	0	18	3.4
41	5	0	18	3
41	5	1	18	4.4
41	5	1	18	3.6
41	4	1	18	4.2
41	6	1	18	5.3
41	5	0	18	2.9
41	5	0	18	2.8
41	6	0	18	3.7
41	5	1	18	4.2
41	4	1	18	3.2
41	3	1	18	3.6
41	5	1	18	4.1
41	4	0	18	3.2
42	3	1	12	5.3
42	7	0	12	6.6
42	5	0	12	4.1
42	5	1	12	5.5
42	5	0	12	4.8
42	4	1	12	4.5
42	3	0	12	3.9
42	5	1	12	5.9
42	5	1	12	5
42	7	1	12	7.1
42	7	0	12	5.2
42	5	1	12	7
42	6	1	12	7.3
42	3	1	12	4.1
42	6	0	12	5.5
42	6	0	12	4.9
42	6	1	12	7.2
42	5	0	12	4.1
42	5	1	12	4.4
42	4	1	12	5.3
42	4	1	12	3.6
43	7	0	12	6.7
43	5	1	12	4.2
43	5	0	12	5.6
43	4	1	12	4.7
43	6	1	12	5.6
43	4	1	12	6.2
43	6	0	12	4.7
43	5	0	12	5.4
43	5	1	12	6.7
43	5	0	12	4.8
43	5	0	12	5.5
43	4	0	12	5.6
43	6	0	12	4.3
43	5	0	12	5.2
43	7	0	12	5.9
43	4	0	12	4.5
43	6	0	12	5.7
44	5	0	14	4.2
44	6	1	14	6.7
44	6	1	14	6
44	6	1	14	6
44	5	0	14	4
44	5	0	14	5.1
44	4	1	14	4.9
44	5	0	14	3.9
44	6	0	14	4.5
44	4	0	14	3.3
44	6	0	14	4.3
44	8	1	14	6.4
44	5	1	14	5.2
44	7	1	14	6.2
44	7	1	14	5.7
44	5	0	14	3.6
44	6	0	14	5.1
44	5	1	14	5.1
44	5	0	14	3.7
45	6	0	20	4.3
45	6	1	20	7.9
45	5	1	20	4.8
45	7	1	20	7.7
45	6	0	20	6.3
45	4	0	20	4.9
45	5	0	20	5.2
45	3	1	20	7.9
45	6	0	20	6.2
45	6	1	20	6
45	5	0	20	4.8
45	5	0	20	6.2
45	4	0	20	5.6
45	6	0	20	5.1
45	4	0	20	4.5
45	5	0	20	5.5
45	6	1	20	7.1
45	5	0	20	4.8
45	5	0	20	4.9
46	4	1	18	5.5
46	4	1	18	5.5
46	6	1	18	6.1
46	4	0	18	4
46	4	0	18	3.5
46	4	0	18	3.4
46	6	1	18	6.2
46	4	1	18	5.1
46	4	0	18	3.5
46	6	1	18	6.3
46	5	1	18	6.1
46	6	1	18	5.7
46	6	1	18	3.9
46	5	1	18	5.6
46	4	0	18	3.6
46	5	0	18	5.2
46	8	1	18	8.4
46	3	0	18	3.1
46	2	1	18	5.1
46	6	1	18	6.5
46	3	1	18	4.5
46	4	1	18	5.3
46	4	0	18	3.7
47	4	1	13	5.3
47	8	0	13	5.5
47	5	1	13	5.8
47	5	0	13	3.7
47	6	0	13	5.4
47	4	1	13	4.9
47	5	0	13	4.1
47	6	1	13	5.5
47	6	1	13	6.1
47	4	1	13	3.9
47	5	0	13	5.2
47	5	1	13	4.4
47	5	0	13	4.3
47	5	0	13	3
47	4	1	13	5.9
47	4	1	13	4.4
47	7	0	13	5.5
48	6	1	6	5.8
48	4	0	6	1.8
48	7	0	6	5.5
48	5	0	6	2.1
48	6	0	6	3.6
48	6	0	6	1.9
48	4	1	6	4.4
48	8	1	6	5.1
48	4	0	6	2.5
48	5	1	6	2.6
48	5	0	6	3.6
48	5	0	6	3.4
48	6	1	6	6.1
48	8	1	6	7.4
48	7	0	6	5.2
48	6	1	6	4.5
48	6	1	6	5.3
48	5	0	6	4
48	5	0	6	4.2
49	4	1	7	5.4
49	6	1	7	5.7
49	4	0	7	3.2
49	7	1	7	6.3
49	5	1	7	4.2
49	5	0	7	4.4
49	5	1	7	5
49	6	0	7	4.3
49	5	0	7	4.2
49	5	1	7	4.7
49	5	1	7	4.1
49	6	1	7	5.4
49	6	1	7	5.2
49	5	0	7	4.8
49	6	1	7	4.9
49	5	0	7	4.5
49	6	0	7	3.5
49	8	1	7	6.9
49	4	0	7	5.3
49	5	0	7	3.4
50	4	0	25	5.2
50	6	1	25	6.7
50	5	1	25	6.8
50	5	0	25	5.6
50	6	0	25	5.6
50	2	1	25	6.5
50	5	0	25	5.1
50	5	0	25	7
50	7	0	25	6.4
50	5	0	25	6.4
50	6	1	25	7.4
50	5	0	25	5.8
50	4	1	25	6.7
50	5	0	25	5.3
50	5	0	25	5.4
50	5	1	25	7.2
50	5	0	25	5
50	6	1	25	6.3
50	5	1	25	7.6
50	4	1	25	5.9
51	5	0	16	4.2
51	4	1	16	4.9
51	5	0	16	3.1
51	6	1	16	5.1
51	5	1	16	5
51	4	1	16	5.5
51	5	1	16	3.7
51	5	0	16	3.2
51	5	1	16	5
51	5	1	16	4.8
51	5	0	16	2.4
51	6	0	16	4.1
51	3	0	16	2.4
51	5	1	16	5.9
51	5	1	16	4.3
51	6	0	16	4
51	5	1	16	5.3
51	5	1	16	4.3
51	5	0	16	4
51	3	0	16	3.9
51	5	1	16	6.3
51	6	1	16	5.8
51	5	0	16	3.9
52	6	1	7	6
52	3	0	7	4.4
52	6	1	7	5.6
52	5	1	7	6.1
52	4	1	7	5
52	4	0	7	2.9
52	6	0	7	3.4
52	6	0	7	3.2
52	5	1	7	4.7
52	5	1	7	5.1
52	6	1	7	5.4
52	5	0	7	4.2
52	2	0	7	1.9
52	5	0	7	4.4
52	5	0	7	4.5
52	5	0	7	3.6
52	7	1	7	5.4
52	5	0	7	3.9
52	5	1	7	3.4
52	6	0	7	4.5
52	6	1	7	6
52	6	1	7	3.6
52	6	0	7	4.2
53	3	1	21	6.8
53	5	1	21	7.2
53	4	1	21	6.2
53	5	1	21	7.5
53	4	1	21	7.1
53	5	1	21	6.7
53	7	1	21	7
53	5	1	21	6.5
53	6	1	21	8.4
53	4	1	21	6.2
53	1	1	21	5.3
53	4	1	21	5.3
53	4	1	21	5.5
53	5	1	21	7.4
53	5	1	21	6.9
53	6	1	21	7.5
53	6	1	21	6.8
53	5	1	21	5.1
53	4	1	21	6.6
54	4	1	16	6
54	6	0	16	4.7
54	5	0	16	5.6
54	5	0	16	3.6
54	6	0	16	3.4
54	4	0	16	4.7
54	5	1	16	6.6
54	5	0	16	4.6
54	7	0	16	4.5
54	4	0	16	5.5
54	5	1	16	5.3
54	6	0	16	5.4
54	5	0	16	4.8
54	5	1	16	5.6
54	6	1	16	6
54	6	1	16	6.8
54	4	0	16	3.8
54	6	1	16	6.7
54	4	1	16	5.8
55	5	0	7	2.7
55	6	0	7	5
55	6	0	7	4.4
55	5	0	7	2.2
55	5	0	7	4.5
55	3	0	7	2.4
55	6	0	7	2.7
55	6	0	7	3.8
55	5	0	7	4.5
55	7	0	7	4.5
55	7	0	7	4.1
55	6	0	7	3.4
55	5	0	7	2.4
55	5	0	7	4.1
55	6	0	7	5
55	6	0	7	3.8
55	4	0	7	3.9
55	7	0	7	3.4
55	6	0	7	4.4
55	5	0	7	2.3
55	4	0	7	2
56	5	0	12	4.9
56	4	0	12	2.4
56	6	1	12	4.4
56	4	0	12	3.4
56	6	0	12	3.9
56	5	1	12	4.4
56	5	1	12	6.1
56	3	0	12	3.9
56	6	0	12	6.3
56	4	1	12	4.9
56	6	1	12	5.9
56	5	1	12	6
56	5	1	12	6.5
56	5	0	12	4
56	4	0	12	4
56	4	1	12	5.7
56	6	0	12	3.6
56	5	0	12	3.9
56	5	1	12	6
57	6	1	4	4.8
57	8	1	4	6.7
57	6	0	4	2.8
57	7	0	4	4.9
57	7	1	4	5.4
57	6	1	4	3.9
57	5	0	4	2.1
57	5	1	4	3.1
57	5	1	4	3.5
57	6	0	4	2.1
57	5	1	4	5
57	7	1	4	4.8
57	4	0	4	2.2
57	7	1	4	5.1
57	2	0	4	1.2
57	7	1	4	4.9
57	8	0	4	4.8
57	5	1	4	3
58	4	0	22	5.7
58	6	1	22	6.5
58	5	1	22	6.4
58	6	1	22	8.1
58	6	0	22	5.1
58	3	0	22	4.1
58	6	1	22	6.3
58	3	0	22	5.2
58	4	1	22	7
58	5	0	22	5.6
58	6	1	22	6.5
58	2	0	22	4
58	6	1	22	7
58	4	0	22	4.5
58	5	1	22	6.7
58	5	1	22	7.5
58	4	1	22	7
58	5	1	22	7
58	5	0	22	5.7
58	3	0	22	4.6
59	6	0	5	2.9
59	5	1	5	4.8
59	6	1	5	5.8
59	5	0	5	3.1
59	5	0	5	4.3
59	6	0	5	4.1
59	5	0	5	2.8
59	6	1	5	5
59	5	1	5	5.1
59	7	0	5	4.7
59	6	0	5	3.4
59	4	0	5	1.8
59	4	1	5	4.1
59	6	1	5	6.1
59	6	1	5	4.6
59	5	0	5	3.9
59	6	0	5	4.8
60	5	0	3	2.8
60	8	1	3	6.4
60	9	0	3	5.6
60	7	1	3	5.7
60	6	1	3	5.5
60	7	0	3	4
60	8	1	3	5.3
60	5	1	3	3.7
60	6	0	3	4.5
60	7	0	3	3
60	8	1	3	6
60	7	0	3	3.6
60	6	1	3	5.7
60	7	1	3	5.1
60	7	1	3	6.1
60	7	1	3	5.9
60	7	0	3	4.2
60	4	0	3	1.6
60	5	0	3	2.7
60	6	1	3	3.3
60	4	0	3	1.4
61	3	1	23	6.2
61	6	0	23	5.9
61	4	1	23	5.6
61	3	1	23	4.8
61	4	1	23	5.5
61	5	0	23	5.5
61	4	1	23	4.4
61	6	1	23	7.1
61	4	0	23	4.3
61	4	1	23	6.3
61	5	1	23	8.2
61	3	0	23	4.4
61	6	1	23	7.5
61	5	1	23	5.3
61	4	0	23	5.9
61	5	0	23	6.4
61	4	1	23	5.7
61	4	0	23	5.1
61	5	0	23	5.7
62	5	1	25	6.6
62	5	0	25	5
62	5	0	25	4.9
62	6	0	25	5.4
62	3	0	25	4.9
62	4	1	25	5.8
62	5	1	25	8.4
62	4	1	25	6.5
62	4	1	25	4.8
62	6	1	25	6.7
62	4	1	25	6
62	6	1	25	5.2
62	4	0	25	4.7
62	6	0	25	5.4
62	5	0	25	4.7
62	5	1	25	6.9
62	4	0	25	5.2
62	5	0	25	4.8
62	5	1	25	7.5
62	5	0	25	4.8
63	6	1	15	7.7
63	5	0	15	4.8
63	3	1	15	5.1
63	4	0	15	3.4
63	6	0	15	5.5
63	5	0	15	4.6
63	7	0	15	4.8
63	5	1	15	5.3
63	5	0	15	4.6
63	5	1	15	5.4
63	6	0	15	6.1
63	5	1	15	5.8
63	7	0	15	5.5
63	5	0	15	4.6
63	6	1	15	6.4
63	5	1	15	6.5
63	4	0	15	4.2
63	4	1	15	4.6
63	4	0	15	3.1
63	4	1	15	6.8
63	7	1	15	7.1
63	4	1	15	5.5
63	5	1	15	6.9
63	4	0	15	4.6
63	4	0	15	4
64	2	1	25	6.3
64	4	1	25	6.9
64	4	1	25	5.6
64	5	1	25	8.8
64	3	1	25	5.7
64	3	1	25	8.2
64	5	1	25	8.1
64	5	1	25	6.6
64	6	1	25	6.9
64	6	1	25	5.7
64	5	1	25	8.8
64	2	1	25	7.6
64	7	1	25	9.1
64	5	1	25	7.7
64	5	1	25	6
64	5	1	25	7.4
64	3	1	25	5.6
64	6	1	25	8.9
64	6	1	25	6.4
65	5	0	22	6
65	3	0	22	6.6
65	4	0	22	5.3
65	5	1	22	6.4
65	4	1	22	5.6
65	5	1	22	6.8
65	5	0	22	5.3
65	4	0	22	5.1
65	7	0	22	5.3
65	5	1	22	6.4
65	5	1	22	8.5
65	6	0	22	5.7
65	4	0	22	5.2
65	4	1	22	7.5
65	5	0	22	6.7
65	5	1	22	7.3
65	4	0	22	5.1
65	5	0	22	4.7
65	3	0	22	5.1
65	5	1	22	7.4
65	4	1	22	7.9
65	6	1	22	7
66	7	1	8	7.5
66	7	1	8	6.9
66	5	0	8	4.5
66	5	0	8	4
66	5	1	8	6.2
66	5	1	8	5.2
66	6	1	8	7
66	6	1	8	6.3
66	5	1	8	5.5
66	6	1	8	6.6
66	6	0	8	4.6
66	5	1	8	5.3
66	4	1	8	6.4
66	5	1	8	6.5
66	7	1	8	7.4
66	6	0	8	6.7
66	4	0	8	4.9
66	4	0	8	5.1
66	7	1	8	8.6
66	5	0	8	4.5
67	6	1	23	5.9
67	8	1	23	8.1
67	6	1	23	5.9
67	3	1	23	6
67	7	1	23	8.3
67	5	1	23	5.8
67	5	1	23	5.5
67	4	1	23	5.9
67	4	1	23	8.2
67	7	1	23	6.9
67	5	1	23	6.7
67	6	1	23	6.4
67	4	1	23	6.4
67	5	1	23	5.5
67	4	1	23	7.3
67	4	1	23	6.7
67	1	1	23	5.6
67	7	1	23	7.4
67	5	1	23	5.3
67	5	1	23	6.7
67	6	1	23	6.8
68	3	0	20	6.5
68	6	0	20	6.3
68	5	0	20	5.2
68	5	0	20	6.8
68	4	0	20	4.8
68	6	1	20	7.5
68	6	0	20	5.8
68	6	0	20	5.9
68	5	1	20	6.7
68	4	1	20	6.3
68	4	0	20	4.6
68	6	0	20	4.7
68	5	1	20	5.5
68	3	1	20	5.7
68	4	0	20	4.7
68	4	0	20	5.2
68	4	0	20	4
69	5	0	24	5
69	5	1	24	5.4
69	4	0	24	5.3
69	3	1	24	6.6
69	6	0	24	5.9
69	5	0	24	4.1
69	3	0	24	5.6
69	5	1	24	5.9
69	4	0	24	4.7
69	5	1	24	6.2
69	3	0	24	4.7
69	3	0	24	4.9
69	4	0	24	5.3
69	5	1	24	6.6
69	5	0	24	5.1
69	5	1	24	7.5
69	5	1	24	7.1
69	6	1	24	7.1
70	4	1	22	4.9
70	4	1	22	4.1
70	6	1	22	5
70	4	1	22	4.2
70	5	1	22	6.5
70	4	1	22	7.4
70	5	0	22	5
70	6	0	22	6.1
70	3	0	22	4.4
70	4	1	22	5.6
70	6	0	22	4.9
70	7	0	22	5.3
70	5	0	22	3.1
70	5	0	22	4.3
70	5	1	22	5.8
70	4	0	22	3.1
70	4	1	22	5.5
70	5	1	22	5.8
70	7	0	22	4.9
70	1	0	22	2.9
70	3	0	22	4.1
71	3	0	18	3
71	5	0	18	5.1
71	3	0	18	3.6
71	4	1	18	4
71	7	0	18	4.9
71	4	0	18	3.9
71	7	1	18	4.4
71	6	1	18	6.9
71	4	0	18	2.8
71	5	1	18	5.5
71	4	0	18	3.7
71	6	1	18	5.6
71	5	1	18	5.2
71	4	0	18	2.6
71	5	1	18	5.3
71	4	1	18	4
71	3	0	18	3.9
71	3	0	18	1.7
71	3	1	18	5.8
71	4	1	18	4.8
71	5	1	18	6
71	3	1	18	4.9
72	5	0	19	5.3
72	4	0	19	6.3
72	6	0	19	5.9
72	5	0	19	5.5
72	5	0	19	5.6
72	5	0	19	4.4
72	6	1	19	7.3
72	7	1	19	8.4
72	5	0	19	4.9
72	5	0	19	4.8
72	6	0	19	5.7
72	4	0	19	6
72	4	1	19	6.1
72	4	0	19	6.1
72	6	0	19	6.7
72	4	0	19	4.5
72	5	0	19	6.5
72	5	0	19	5.9
72	4	1	19	6.9
72	6	0	19	4
72	5	0	19	5.8
73	3	1	14	4.7
73	6	1	14	6.2
73	5	1	14	6.7
73	5	1	14	5.4
73	6	0	14	5
73	5	0	14	4.2
73	6	0	14	5.3
73	5	1	14	4.4
73	5	1	14	6.2
73	4	0	14	3.8
73	6	1	14	6.3
73	4	1	14	4.5
73	5	0	14	5.6
73	4	0	14	3.3
73	6	0	14	5.2
73	3	0	14	4.1
73	5	0	14	5.1
73	5	1	14	6.3
73	6	1	14	6.8
73	4	0	14	4
74	6	1	17	6.9
74	5	0	17	4.8
74	5	1	17	5.7
74	5	0	17	4.7
74	6	0	17	5.1
74	5	1	17	5.3
74	5	0	17	3.3
74	7	0	17	6.6
74	5	0	17	4.7
74	6	0	17	4.2
74	5	0	17	5.9
74	6	1	17	4.6
74	5	1	17	6.4
74	5	0	17	3.8
74	3	1	17	4.3
74	5	1	17	5.6
74	4	0	17	4.4
75	4	1	21	5.4
75	6	1	21	8.1
75	4	1	21	6
75	5	1	21	7.5
75	6	1	21	5.8
75	4	1	21	7.5
75	3	1	21	7.5
75	6	1	21	6.4
75	4	1	21	5.7
75	5	1	21	6.5
75	3	1	21	6.8
75	5	1	21	5.8
75	6	1	21	7.1
75	6	1	21	6.4
75	5	1	21	7.9
75	5	1	21	8.1
75	5	1	21	6.6
76	6	0	16	4
76	5	1	16	4.5
76	5	0	16	3.5
76	5	1	16	5.2
76	6	1	16	5.5
76	5	0	16	5
76	6	0	16	5.1
76	3	1	16	3.8
76	5	1	16	6
76	5	0	16	4
76	5	0	16	3.2
76	5	1	16	6.1
76	5	0	16	4.5
76	4	0	16	3.6
76	5	0	16	5.2
76	5	1	16	4.8
76	4	1	16	3.9
76	4	0	16	4.4
77	8	0	3	6
77	7	1	3	5.3
77	6	1	3	5.5
77	7	1	3	6.1
77	7	1	3	6.2
77	5	0	3	2.9
77	6	1	3	5.6
77	5	0	3	4.3
77	7	1	3	6.5
77	6	0	3	4
77	5	0	3	3
77	6	0	3	4.5
77	7	0	3	3.9
77	7	0	3	3.8
77	5	0	3	2.5
77	6	0	3	3.2
77	6	1	3	4.3
77	7	1	3	6.7
77	7	0	3	4.5
78	5	0	23	3.7
78	6	1	23	5.4
78	4	1	23	5.6
78	7	0	23	5.6
78	5	0	23	3.8
78	5	1	23	6.4
78	6	0	23	4.4
78	6	1	23	7.1
78	5	0	23	4.1
78	3	0	23	3.9
78	4	0	23	3.9
78	6	0	23	5.3
78	3	1	23	5.2
78	7	1	23	5.4
78	6	0	23	5.3
78	4	0	23	3.7
78	3	1	23	4.9
78	7	1	23	6
79	6	1	15	6.7
79	6	0	15	5
79	6	0	15	4
79	4	0	15	4.7
79	7	1	15	7.4
79	4	0	15	4
79	5	0	15	3.5
79	5	0	15	4.9
79	3	0	15	3.2
79	5	1	15	6.3
79	6	1	15	6.6
79	6	1	15	5.5
79	5	1	15	5.9
79	5	0	15	4.8
79	6	1	15	7.4
79	4	0	15	4.2
79	5	0	15	5.5
79	6	0	15	5.9
79	5	0	15	4
79	6	0	15	4.3
80	4	0	23	4.2
80	4	1	23	5.2
80	4	0	23	2.7
80	5	1	23	5.8
80	5	0	23	4.7
80	6	0	23	2
80	4	0	23	4.5
80	4	1	23	5.4
80	6	1	23	5.4
80	5	0	23	3.5
80	6	0	23	5.3
80	5	0	23	2.8
80	5	1	23	5.3
80	5	1	23	4.6
80	6	0	23	3.8
80	5	0	23	3.6
80	2	0	23	3.7
80	4	1	23	4.6
80	6	1	23	3.7
80	4	1	23	5.6
81	4	0	8	2.4
81	6	0	8	4.6
81	6	0	8	3.9
81	6	1	8	4.8
81	6	1	8	6
81	5	1	8	3.7
81	5	0	8	4.1
81	5	1	8	4.5
81	6	1	8	4.8
81	4	0	8	3.3
81	7	0	8	3.9
81	5	1	8	5.2
81	6	0	8	4.9
81	7	1	8	6
81	5	0	8	2.7
81	4	0	8	2.7
81	6	0	8	4.4
81	5	1	8	4.6
81	6	1	8	5.3
81	5	0	8	4.1
81	7	0	8	4.5
82	4	0	8	1.4
82	5	0	8	2.8
82	6	0	8	2.5
82	9	0	8	4.2
82	5	0	8	3.1
82	5	0	8	1.1
82	7	0	8	4.2
82	6	0	8	2.4
82	5	0	8	0
82	5	0	8	2.5
82	5	0	8	1.7
82	5	0	8	1.9
82	4	0	8	0.9
82	6	0	8	1.8
82	6	0	8	3.6
82	5	0	8	3.7
82	6	0	8	4
82	6	0	8	4.3
82	6	0	8	1.3
82	5	0	8	3.2
82	7	0	8	3.9
83	4	0	24	5.7
83	6	0	24	6.3
83	5	1	24	6.1
83	6	1	24	5.7
83	7	1	24	7
83	5	0	24	5.4
83	7	1	24	7.6
83	3	1	24	6.4
83	5	1	24	5.9
83	5	0	24	4.5
83	4	1	24	6
83	6	1	24	7.1
83	5	1	24	6.2
83	4	1	24	6.7
83	4	0	24	5
83	6	1	24	7.6
83	7	0	24	5.3
83	5	0	24	5.9
84	5	1	22	5.6
84	4	0	22	4.9
84	5	1	22	7.1
84	5	1	22	8.1
84	6	0	22	6.2
84	6	0	22	6.6
84	3	1	22	6.4
84	5	0	22	5
84	5	0	22	5.6
84	5	1	22	7.5
84	6	1	22	6.5
84	5	0	22	5.6
84	4	0	22	5.3
84	5	0	22	7.3
84	5	1	22	6.6
84	5	1	22	6.2
84	4	0	22	5.8
84	5	1	22	7.6
84	4	1	22	7.1
84	4	1	22	6.6
84	3	0	22	4.3
85	7	1	16	6.8
85	3	1	16	6
85	6	1	16	5.1
85	5	1	16	7.8
85	6	1	16	7.8
85	6	1	16	5.5
85	4	1	16	6.8
85	5	1	16	5.2
85	4	1	16	6.4
85	5	1	16	7.7
85	7	1	16	6.6
85	5	1	16	4.7
85	5	1	16	6.5
85	6	1	16	7.1
85	4	1	16	6.3
85	5	1	16	7
85	5	1	16	5.4
85	5	1	16	6.1
85	4	1	16	6.5
85	4	1	16	6
85	7	1	16	7.4
85	4	1	16	6.7
86	4	0	4	2.4
86	6	1	4	5.6
86	7	0	4	4.7
86	7	0	4	4.3
86	6	1	4	4.1
86	6	1	4	4.6
86	7	1	4	4.6
86	7	0	4	3.2
86	7	0	4	2.2
86	6	0	4	3
86	6	0	4	4.3
86	5	0	4	2.9
86	7	1	4	5.6
86	5	0	4	2.9
86	6	1	4	4.3
86	7	1	4	5.2
86	8	1	4	6.2
86	4	1	4	3.5
86	6	0	4	3.7
86	4	0	4	2.9
86	4	0	4	2
86	7	1	4	5
87	7	0	2	2.9
87	7	1	2	6.1
87	8	1	2	7
87	10	1	2	7.3
87	8	1	2	6.2
87	8	0	2	6.1
87	6	1	2	5.4
87	9	1	2	6.9
87	8	0	2	4.1
87	8	1	2	6.1
87	5	0	2	2
87	6	0	2	3.5
87	9	1	2	7.1
87	8	1	2	6.4
87	8	1	2	5.9
87	7	0	2	5.5
87	10	0	2	5.6
87	9	1	2	7.7
87	8	0	2	4.6
87	9	0	2	4.4
87	8	1	2	6.4
88	6	1	13	5.5
88	4	0	13	3.8
88	6	1	13	6
88	5	1	13	5.9
88	5	1	13	5.7
88	4	1	13	3.3
88	5	1	13	5.1
88	4	0	13	2.7
88	6	0	13	4.7
88	5	0	13	4.4
88	6	1	13	6.4
88	4	1	13	4.3
88	4	0	13	3.3
88	7	0	13	3.1
88	4	0	13	2.5
88	3	1	13	5.3
88	5	1	13	6.2
88	5	0	13	4.6
88	5	0	13	5
88	7	1	13	6.1
88	4	0	13	4
88	4	0	13	3.6
88	4	0	13	3.3
89	4	1	13	4.5
89	7	1	13	5.8
89	5	1	13	5.7
89	5	0	13	5
89	6	1	13	5.5
89	5	1	13	6.9
89	5	1	13	5.7
89	5	1	13	6.2
89	4	0	13	4
89	5	0	13	3.4
89	7	1	13	6.8
89	6	1	13	6
89	6	0	13	5.4
89	4	0	13	2
89	5	0	13	3.2
89	5	0	13	4.9
89	5	1	13	5.2
89	6	0	13	4.1
90	7	1	3	6.5
90	6	0	3	4.2
90	7	0	3	5.4
90	7	0	3	4.9
90	5	1	3	4.1
90	7	0	3	5.1
90	9	1	3	7.1
90	6	0	3	3.8
90	7	1	3	5
90	7	1	3	6.3
90	7	0	3	4.9
90	8	1	3	5.9
90	8	1	3	6.2
90	8	1	3	5.2
90	7	1	3	6.2
90	9	1	3	7.7
90	8	1	3	6.5
90	7	1	3	4.9
90	8	0	3	5.1
90	6	1	3	5
90	7	1	3	5.7
90	6	0	3	5.3
90	8	0	3	5.6
91	7	0	16	4.6
91	4	1	16	5
91	3	1	16	5.7
91	5	0	16	4
91	5	1	16	4.9
91	4	0	16	4
91	7	1	16	7.7
91	4	0	16	3.8
91	5	0	16	6.1
91	5	0	16	4
91	6	1	16	5.9
91	5	1	16	5.1
91	4	0	16	3.5
91	7	1	16	7.1
91	4	1	16	5.2
91	5	0	16	4.8
91	7	0	16	4.2
91	7	1	16	5.4
92	4	0	16	4.4
92	4	0	16	4.2
92	4	0	16	3
92	4	0	16	4
92	4	1	16	3.8
92	6	1	16	4.8
92	4	0	16	4
92	5	0	16	5
92	4	0	16	2.1
92	3	0	16	3.4
92	5	1	16	5.2
92	6	0	16	4.8
92	3	0	16	3.8
92	4	1	16	5.9
92	4	0	16	3.5
92	5	0	16	4
92	4	0	16	2.8
93	5	1	10	5.2
93	7	1	10	5.7
93	4	1	10	5.1
93	5	0	10	4.5
93	6	0	10	4.4
93	5	1	10	5.9
93	7	0	10	6.6
93	5	0	10	3
93	5	0	10	4
93	5	1	10	4.3
93	6	0	10	4.2
93	6	0	10	5.2
93	5	0	10	3.3
93	7	1	10	5.6
93	6	1	10	6.1
93	3	0	10	2.8
93	5	1	10	4.4
93	5	0	10	3.4
93	4	0	10	3.6
93	5	0	10	4.4
94	5	0	21	4
94	5	0	21	5.6
94	4	1	21	6
94	5	1	21	6.6
94	6	0	21	6.3
94	6	1	21	5.7
94	6	1	21	6.1
94	6	1	21	5.3
94	5	1	21	5.7
94	5	0	21	4.9
94	2	0	21	4.1
94	5	0	21	4
94	7	1	21	6
94	3	0	21	3.9
94	4	0	21	4.7
94	4	1	21	7.2
95	5	0	15	4.4
95	5	1	15	4.9
95	3	0	15	4.1
95	7	0	15	5
95	5	0	15	4.1
95	3	1	15	4.9
95	5	0	15	3.1
95	4	0	15	4.1
95	5	1	15	5.1
95	5	0	15	5.3
95	6	0	15	4.5
95	6	1	15	5.7
95	6	1	15	7.5
95	4	1	15	5.3
95	5	1	15	6.3
95	5	1	15	5.8
95	5	1	15	5.9
95	6	0	15	4.9
95	7	0	15	3.9
95	5	1	15	5.4
95	4	0	15	4.3
96	6	1	13	6.1
96	5	1	13	6.7
96	6	0	13	3.9
96	6	0	13	5
96	5	0	13	6.4
96	6	1	13	7
96	6	0	13	4.5
96	6	0	13	4.6
96	4	0	13	4.4
96	4	1	13	4.9
96	5	1	13	7.4
96	4	1	13	4.9
96	8	0	13	7.1
96	5	0	13	5.4
96	5	1	13	5
96	6	1	13	6
96	4	1	13	5
96	3	0	13	3.2
96	5	0	13	4.7
96	4	0	13	4
96	5	1	13	7.2
97	5	0	9	4.2
97	7	0	9	4.3
97	5	0	9	2.5
97	3	0	9	2.1
97	4	0	9	2.8
97	5	0	9	3.4
97	5	0	9	3.4
97	4	0	9	2.9
97	5	0	9	4.1
97	5	0	9	3.6
97	4	0	9	2.2
97	4	0	9	2.6
97	4	0	9	3
97	4	0	9	3.6
97	3	0	9	1.6
97	6	0	9	4.9
97	4	0	9	2.6
97	7	0	9	6.2
97	6	0	9	5.5
97	5	0	9	4.3
97	5	0	9	3.3
98	3	0	25	5.8
98	4	1	25	5.9
98	4	0	25	4.9
98	6	1	25	5.3
98	5	1	25	6.7
98	7	1	25	6.4
98	5	0	25	6.1
98	5	1	25	7.1
98	5	0	25	4.6
98	3	0	25	5.7
98	5	1	25	7.2
98	6	1	25	8.2
98	6	0	25	5.6
98	5	1	25	7.3
98	6	1	25	6.5
98	5	0	25	5.5
98	4	1	25	6.7
98	4	1	25	6.1
98	7	1	25	6.8
98	5	1	25	7.2
98	6	1	25	6.5
99	5	0	21	3.4
99	5	0	21	5.1
99	3	0	21	3.5
99	5	0	21	3.8
99	5	1	21	4.5
99	4	1	21	4.2
99	6	0	21	5.3
99	6	1	21	6.2
99	5	1	21	5.2
99	5	1	21	8
99	4	0	21	4.4
99	6	1	21	7.4
99	4	0	21	4.1
99	5	0	21	5
99	4	1	21	5.8
99	5	0	21	4.4
99	3	0	21	2.9
99	4	0	21	3.5
99	5	1	21	5.4
99	5	1	21	5.9
99	5	0	21	4.6
99	5	0	21	4.8
99	5	0	21	4.2
100	5	0	7	3.9
100	6	0	7	3.7
100	7	1	7	6.1
100	3	0	7	1.7
100	7	1	7	5.9
100	7	1	7	6.1
100	7	0	7	4.3
100	5	0	7	3.9
100	5	0	7	1.1
100	5	0	7	1.4
100	5	0	7	1.9
100	6	1	7	4.9
100	7	1	7	6.5
100	5	1	7	3.7
100	5	1	7	5.2
100	4	1	7	4.3
100	4	0	7	2.6
100	8	1	7	6.7
100	5	0	7	2.9
100	9	0	7	5.3
